1 0.025 0.44583333333333336 0.04895833333333333 0.12685185185185185
1 0.06666666666666667 0.1449074074074074 0.13229166666666667 0.12314814814814815
1 0.24817708333333333 0.3143518518518518 0.09635416666666667 0.11018518518518519
1 0.24817708333333333 0.41064814814814815 0.0671875 0.09722222222222222
1 0.31927083333333334 0.4273148148148148 0.06354166666666666 0.10092592592592593
1 0.4005208333333333 0.4722222222222222 0.08020833333333334 0.11666666666666667
1 0.47317708333333336 0.07175925925925926 0.08802083333333334 0.1175925925925926
1 0.5875 0.038425925925925926 0.07708333333333334 0.075
1 0.7395833333333334 0.1398148148148148 0.08854166666666667 0.09074074074074075
1 0.87421875 0.050462962962962966 0.13177083333333334 0.09907407407407408
1 0.8643229166666667 0.3148148148148148 0.12135416666666667 0.12407407407407407
1 0.63125 0.625 0.0875 0.10925925925925926
1 0.35494791666666664 0.9152777777777777 0.06927083333333334 0.10648148148148148
1 0.27734375 0.8643518518518518 0.08489583333333334 0.11018518518518519
2 0.15104166666666666 0.2865740740740741 0.12708333333333333 0.13796296296296295
2 0.24609375 0.044444444444444446 0.0796875 0.08333333333333333
2 0.39036458333333335 0.08287037037037037 0.0640625 0.10277777777777777
2 0.5471354166666667 0.3175925925925926 0.09010416666666667 0.11296296296296296
0 0.58125 0.9152777777777777 0.11354166666666667 0.11944444444444445
2 0.6875 0.9009259259259259 0.090625 0.1259259259259259
2 0.7966145833333333 0.6361111111111111 0.10052083333333334 0.14629629629629629
2 0.5177083333333333 0.49444444444444446 0.07291666666666667 0.12777777777777777
2 0.3893229166666667 0.624537037037037 0.0828125 0.14351851851851852
2 0.14973958333333334 0.5115740740740741 0.08177083333333333 0.10648148148148148
2 0.05390625 0.6421296296296296 0.08697916666666666 0.09907407407407408
2 0.209375 0.7407407407407407 0.115625 0.15
0 0.9278645833333333 0.5064814814814815 0.14427083333333332 0.20925925925925926
