2 0.46875 0.14675925925925926 0.022916666666666665 0.041666666666666664
1 0.31484375 0.8532407407407407 0.0203125 0.032407407407407406
1 0.296875 0.8824074074074074 0.022916666666666665 0.037037037037037035
1 0.35390625 0.8083333333333333 0.028645833333333332 0.04814814814814815
1 0.37864583333333335 0.7018518518518518 0.026041666666666668 0.040740740740740744
1 0.47317708333333336 0.6601851851851852 0.027604166666666666 0.05185185185185185
1 0.40572916666666664 0.2949074074074074 0.015625 0.026851851851851852
1 0.39296875 0.2722222222222222 0.016145833333333335 0.02962962962962963
1 0.35572916666666665 0.22962962962962963 0.017708333333333333 0.03518518518518519
1 0.36614583333333334 0.1574074074074074 0.03125 0.04259259259259259
1 0.32135416666666666 0.11898148148148148 0.017708333333333333 0.03796296296296296
1 0.30234375 0.08333333333333333 0.021354166666666667 0.03888888888888889
1 0.3567708333333333 0.0912037037037037 0.016666666666666666 0.030555555555555555
1 0.484375 0.014814814814814815 0.023958333333333335 0.027777777777777776
1 0.40234375 0.012962962962962963 0.022395833333333334 0.022222222222222223
1 0.4075520833333333 0.0412037037037037 0.024479166666666666 0.03981481481481482
1 0.44557291666666665 0.07083333333333333 0.024479166666666666 0.05462962962962963
1 0.428125 0.22361111111111112 0.023958333333333335 0.049074074074074076
1 0.42109375 0.3439814814814815 0.021354166666666667 0.03425925925925926
1 0.4278645833333333 0.4356481481481482 0.024479166666666666 0.03981481481481482
1 0.428125 0.8467592592592592 0.028125 0.058333333333333334
1 0.48151041666666666 0.5425925925925926 0.022395833333333334 0.044444444444444446
2 0.8861979166666667 0.04537037037037037 0.1453125 0.08888888888888889
2 0.9739583333333334 0.22962962962962963 0.052083333333333336 0.14814814814814814
2 0.66953125 0.225 0.09947916666666666 0.17962962962962964
2 0.5065104166666666 0.39861111111111114 0.024479166666666666 0.09166666666666666
2 0.5252604166666667 0.5212962962962963 0.030729166666666665 0.04814814814814815
1 0.9044270833333333 0.42824074074074076 0.19114583333333332 0.21944444444444444
1 0.7666666666666667 0.5675925925925925 0.090625 0.12962962962962962
1 0.534375 0.6263888888888889 0.04479166666666667 0.06018518518518518
1 0.5653645833333333 0.5791666666666667 0.0640625 0.1361111111111111
1 0.28880208333333335 0.8009259259259259 0.0234375 0.044444444444444446
1 0.31640625 0.525 0.0265625 0.04259259259259259
1 0.30625 0.41898148148148145 0.025 0.041666666666666664
1 0.35260416666666666 0.3587962962962963 0.027083333333333334 0.03611111111111111
1 0.2875 0.30462962962962964 0.022916666666666665 0.02962962962962963
1 0.21979166666666666 0.23425925925925925 0.028125 0.03518518518518519
1 0.19166666666666668 0.27546296296296297 0.021875 0.028703703703703703
1 0.16640625 0.3421296296296296 0.016145833333333335 0.026851851851851852
1 0.17734375 0.38055555555555554 0.015104166666666667 0.024074074074074074
1 0.28567708333333336 0.5578703703703703 0.0203125 0.03611111111111111
1 0.23854166666666668 0.6180555555555556 0.021875 0.03796296296296296
1 0.22395833333333334 0.5300925925925926 0.017708333333333333 0.028703703703703703
1 0.2591145833333333 0.55 0.016145833333333335 0.027777777777777776
1 0.26223958333333336 0.586574074074074 0.022395833333333334 0.03425925925925926
1 0.27447916666666666 0.9231481481481482 0.029166666666666667 0.04259259259259259
1 0.12473958333333333 0.8555555555555555 0.027604166666666666 0.044444444444444446
1 0.14036458333333332 0.5879629629629629 0.0265625 0.03518518518518519
1 0.16875 0.5041666666666667 0.026041666666666668 0.030555555555555555
1 0.14348958333333334 0.40185185185185185 0.0234375 0.025925925925925925
1 0.19869791666666667 0.42962962962962964 0.024479166666666666 0.03148148148148148
1 0.01171875 0.4861111111111111 0.022395833333333334 0.044444444444444446
1 0.010416666666666666 0.5425925925925926 0.019791666666666666 0.046296296296296294
1 0.27395833333333336 0.19814814814814816 0.034375 0.037037037037037035
1 0.20546875 0.16435185185185186 0.0265625 0.028703703703703703
1 0.10052083333333334 0.18796296296296297 0.021875 0.03148148148148148
1 0.20494791666666667 0.09351851851851851 0.03177083333333333 0.027777777777777776
1 0.21614583333333334 0.12037037037037036 0.027083333333333334 0.027777777777777776
1 0.17421875 0.15231481481481482 0.025520833333333333 0.032407407407407406
1 0.2640625 0.053703703703703705 0.017708333333333333 0.03888888888888889
