1 0.9763020833333333 0.3101851851851852 0.04739583333333333 0.09074074074074075
1 0.9096354166666667 0.4648148148148148 0.0828125 0.10555555555555556
1 0.72421875 0.17824074074074073 0.10364583333333334 0.1175925925925926
1 0.7869791666666667 0.5296296296296297 0.06875 0.09074074074074075
1 0.8635416666666667 0.7953703703703704 0.084375 0.08888888888888889
1 0.8518229166666667 0.875 0.0640625 0.06851851851851852
1 0.7950520833333333 0.8921296296296296 0.08072916666666667 0.10277777777777777
1 0.72109375 0.6717592592592593 0.03697916666666667 0.06574074074074074
1 0.634375 0.7143518518518519 0.09375 0.11574074074074074
1 0.4783854166666667 0.7703703703703704 0.06197916666666667 0.09814814814814815
1 0.3875 0.9115740740740741 0.084375 0.10462962962962963
1 0.16614583333333333 0.8953703703703704 0.15625 0.14444444444444443
1 0.5325520833333334 0.4898148148148148 0.0921875 0.12037037037037036
1 0.4518229166666667 0.12407407407407407 0.05260416666666667 0.08333333333333333
2 0.9291666666666667 0.08333333333333333 0.07395833333333333 0.08703703703703704
2 0.7651041666666667 0.8333333333333334 0.04895833333333333 0.09074074074074075
2 0.8721354166666667 0.17546296296296296 0.0890625 0.09907407407407408
2 0.84609375 0.2449074074074074 0.09114583333333333 0.11944444444444445
2 0.8072916666666666 0.475 0.06041666666666667 0.11851851851851852
2 0.7421875 0.6175925925925926 0.059375 0.09444444444444444
2 0.7390625 0.4537037037037037 0.06770833333333333 0.1
2 0.7622395833333333 0.33287037037037037 0.0703125 0.10833333333333334
2 0.6153645833333333 0.1439814814814815 0.07760416666666667 0.0824074074074074
2 0.49583333333333335 0.19444444444444445 0.053125 0.08148148148148149
2 0.0609375 0.8578703703703704 0.12083333333333333 0.21944444444444444
2 0.13385416666666666 0.7013888888888888 0.18645833333333334 0.1935185185185185
2 0.0375 0.6180555555555556 0.07395833333333333 0.14907407407407408
2 0.48541666666666666 0.4912037037037037 0.07604166666666666 0.12129629629629629
2 0.30572916666666666 0.3685185185185185 0.078125 0.11851851851851852
2 0.08411458333333334 0.36574074074074076 0.13697916666666668 0.12407407407407407
2 0.39088541666666665 0.032407407407407406 0.07760416666666667 0.06296296296296296
2 0.7153645833333333 0.9388888888888889 0.0546875 0.07407407407407407
