3 0.6231770833333333 0.022453703703703705 0.04635416666666667 0.04398148148148148
1 0.9694010416666666 0.28425925925925927 0.06171875 0.14444444444444443
1 0.7911458333333333 0.5032407407407408 0.11822916666666666 0.1787037037037037
1 0.7138020833333333 0.6581018518518519 0.115625 0.20879629629629629
1 0.9658854166666667 0.7418981481481481 0.06875 0.21342592592592594
1 0.884375 0.75625 0.11614583333333334 0.18935185185185185
1 0.8044270833333333 0.8719907407407408 0.09947916666666666 0.20046296296296295
1 0.830859375 0.9777777777777777 0.08411458333333334 0.04537037037037037
1 0.7430989583333333 0.969212962962963 0.07734375 0.0625
1 0.626953125 0.9835648148148148 0.08515625 0.033796296296296297
1 0.6928385416666667 0.8261574074074074 0.11744791666666667 0.20972222222222223
0 0.8455729166666667 0.7041666666666667 0.16770833333333332 0.1398148148148148
0 0.472265625 0.07060185185185185 0.04505208333333333 0.14027777777777778
3 0.6234375 0.6347222222222222 0.043229166666666666 0.05185185185185185
3 0.5751302083333333 0.8273148148148148 0.047135416666666666 0.06296296296296296
3 0.508984375 0.6259259259259259 0.06953125 0.11944444444444445
