0 0.9610677083333333 0.5194444444444445 0.07838541666666667 0.1537037037037037
3 0.6747395833333333 0.3925925925925926 0.065625 0.09537037037037037
3 0.708984375 0.5703703703703704 0.05026041666666667 0.05648148148148148
3 0.7850260416666667 0.425462962962963 0.03984375 0.03425925925925926
2 0.3899739583333333 0.7796296296296297 0.09348958333333333 0.22037037037037038
2 0.45924479166666665 0.6094907407407407 0.10182291666666667 0.13657407407407407
1 0.7341145833333333 0.7997685185185185 0.1265625 0.2125
1 0.7841145833333333 0.9393518518518519 0.11302083333333333 0.12222222222222222
1 0.85078125 0.8284722222222223 0.10052083333333334 0.1986111111111111
1 0.951953125 0.8451388888888889 0.09661458333333334 0.18101851851851852
1 0.9481770833333333 0.6925925925925925 0.10416666666666667 0.22037037037037038
1 0.8389322916666667 0.5967592592592592 0.11015625 0.21203703703703702
1 0.8856770833333333 0.45694444444444443 0.11979166666666667 0.18888888888888888
1 0.9680989583333334 0.35439814814814813 0.06432291666666666 0.20416666666666666
