2 0.08671875 0.30324074074074076 0.0328125 0.04722222222222222
2 0.033203125 0.30277777777777776 0.03411458333333333 0.05277777777777778
2 0.269921875 0.5342592592592592 0.055989583333333336 0.0712962962962963
2 0.41875 0.6243055555555556 0.04895833333333333 0.08101851851851852
2 0.5966145833333333 0.5824074074074074 0.04895833333333333 0.062037037037037036
2 0.6796875 0.7407407407407407 0.0484375 0.07314814814814814
2 0.667578125 0.9527777777777777 0.05807291666666667 0.08703703703703704
0 0.09700520833333333 0.7319444444444444 0.04192708333333333 0.06296296296296296
2 0.04010416666666667 0.7291666666666666 0.05677083333333333 0.0712962962962963
3 0.9118489583333333 0.8226851851851852 0.03671875 0.06111111111111111
2 0.8393229166666667 0.8856481481481482 0.05677083333333333 0.08611111111111111
