3 0.970703125 0.9210648148148148 0.05911458333333333 0.1587962962962963
0 0.4139322916666667 0.7148148148148148 0.09609375 0.06296296296296296
0 0.6520833333333333 0.9238425925925926 0.11875 0.15324074074074073
0 0.8470052083333334 0.575462962962963 0.11484375 0.1537037037037037
0 0.7524739583333333 0.6574074074074074 0.12578125 0.26944444444444443
1 0.7802083333333333 0.5113425925925926 0.078125 0.1375
1 0.8600260416666666 0.5 0.07213541666666666 0.13055555555555556
1 0.9697916666666667 0.48171296296296295 0.0609375 0.1375
3 0.340234375 0.75 0.04453125 0.0712962962962963
3 0.142578125 0.6293981481481481 0.05286458333333333 0.07546296296296297
1 0.6553385416666667 0.5928240740740741 0.07473958333333333 0.1375
1 0.6111979166666667 0.46435185185185185 0.09375 0.1675925925925926
1 0.569921875 0.3266203703703704 0.09869791666666666 0.17453703703703705
1 0.6592447916666667 0.3474537037037037 0.06953125 0.1375
1 0.714453125 0.30949074074074073 0.08984375 0.16527777777777777
1 0.74921875 0.21666666666666667 0.08333333333333333 0.15833333333333333
1 0.6592447916666667 0.1884259259259259 0.09557291666666666 0.17777777777777778
1 0.7053385416666667 0.08333333333333333 0.10130208333333333 0.16574074074074074
1 0.802734375 0.02361111111111111 0.08203125 0.046296296296296294
0 0.8266927083333333 0.11967592592592592 0.17213541666666668 0.0837962962962963
1 0.8424479166666666 0.15300925925925926 0.11875 0.16620370370370371
1 0.9430989583333333 0.15462962962962962 0.10598958333333333 0.17685185185185184
1 0.9897135416666667 0.1712962962962963 0.02109375 0.14537037037037037
2 0.31666666666666665 0.37777777777777777 0.0734375 0.14814814814814814
2 0.37669270833333335 0.24074074074074073 0.08515625 0.09444444444444444
2 0.020833333333333332 0.4752314814814815 0.04114583333333333 0.13842592592592592
3 0.566015625 0.07453703703703704 0.053385416666666664 0.07592592592592592
