1 0.388671875 0.03958333333333333 0.054947916666666666 0.07824074074074074
1 0.9700520833333334 0.8456018518518519 0.06041666666666667 0.18935185185185185
1 0.8979166666666667 0.8611111111111112 0.10572916666666667 0.18333333333333332
1 0.8208333333333333 0.9284722222222223 0.11822916666666666 0.1439814814814815
1 0.7166666666666667 0.8981481481481481 0.11875 0.20462962962962963
1 0.7350260416666666 0.7453703703703703 0.10390625 0.18796296296296297
1 0.8173177083333333 0.6030092592592593 0.10963541666666667 0.17916666666666667
1 0.981640625 0.38287037037037036 0.03723958333333333 0.1287037037037037
0 0.8657552083333333 0.7900462962962963 0.16119791666666666 0.13564814814814816
0 0.507421875 0.13287037037037036 0.04192708333333333 0.1675925925925926
3 0.5458333333333333 0.6988425925925926 0.06197916666666667 0.1162037037037037
3 0.6024739583333333 0.8949074074074074 0.04505208333333333 0.05648148148148148
3 0.6505208333333333 0.7138888888888889 0.03802083333333333 0.04722222222222222
3 0.6553385416666667 0.08032407407407408 0.04244791666666667 0.055092592592592596
