1 0.7776041666666667 0.09097222222222222 0.03177083333333333 0.05138888888888889
1 0.7798177083333333 0.03148148148148148 0.030989583333333334 0.044444444444444446
3 0.201953125 0.5451388888888888 0.023177083333333334 0.03564814814814815
3 0.18138020833333332 0.6087962962962963 0.028385416666666666 0.041666666666666664
0 0.3299479166666667 0.6270833333333333 0.051041666666666666 0.08472222222222223
2 0.38059895833333335 0.3050925925925926 0.030989583333333334 0.05277777777777778
2 0.40924479166666666 0.3090277777777778 0.039322916666666666 0.05138888888888889
2 0.35911458333333335 0.37962962962962965 0.043229166666666666 0.062037037037037036
2 0.974609375 0.07453703703703704 0.05130208333333333 0.11481481481481481
2 0.6522135416666667 0.20625 0.07109375 0.06898148148148148
2 0.6725260416666666 0.5023148148148148 0.05078125 0.10092592592592593
2 0.416015625 0.4752314814814815 0.07734375 0.14305555555555555
2 0.60703125 0.8930555555555556 0.11979166666666667 0.21481481481481482
3 0.690234375 0.5599537037037037 0.04140625 0.060648148148148145
