3 0.32565104166666664 0.30972222222222223 0.04244791666666667 0.062037037037037036
3 0.034505208333333336 0.7787037037037037 0.06171875 0.10185185185185185
3 0.16041666666666668 0.44166666666666665 0.0640625 0.07592592592592592
3 0.2875 0.4810185185185185 0.04635416666666667 0.046296296296296294
3 0.4 0.36666666666666664 0.0421875 0.06851851851851852
3 0.42552083333333335 0.42060185185185184 0.04635416666666667 0.06712962962962964
3 0.36223958333333334 0.43657407407407406 0.049479166666666664 0.08148148148148149
3 0.70859375 0.6657407407407407 0.11614583333333334 0.1935185185185185
3 0.7755208333333333 0.7025462962962963 0.06666666666666667 0.12268518518518519
3 0.75703125 0.7581018518518519 0.07760416666666667 0.1125
3 0.787109375 0.8256944444444444 0.07994791666666666 0.10324074074074074
3 0.4395833333333333 0.9226851851851852 0.08645833333333333 0.15185185185185185
3 0.5278645833333333 0.3087962962962963 0.049479166666666664 0.06851851851851852
3 0.46966145833333334 0.30625 0.05234375 0.07083333333333333
3 0.4395833333333333 0.2777777777777778 0.03697916666666667 0.05277777777777778
0 0.9407552083333334 0.6006944444444444 0.11848958333333333 0.10972222222222222
3 0.460546875 0.13912037037037037 0.040364583333333336 0.04490740740740741
3 0.419140625 0.1736111111111111 0.03411458333333333 0.049074074074074076
3 0.505859375 0.18888888888888888 0.040364583333333336 0.05648148148148148
3 0.17734375 0.15162037037037038 0.0375 0.047685185185185185
3 0.2708333333333333 0.45185185185185184 0.04739583333333333 0.041666666666666664
