0 0.8826388888888889 0.5765432098765432 0.2375 0.22469135802469137
0 0.7104166666666667 0.6962962962962963 0.10416666666666667 0.4049382716049383
0 0.7152777777777778 0.43703703703703706 0.1361111111111111 0.1925925925925926
0 0.4965277777777778 0.4444444444444444 0.1597222222222222 0.15308641975308643
3 0.5875 0.45308641975308644 0.1388888888888889 0.12098765432098765
3 0.5083333333333333 0.5777777777777777 0.125 0.14320987654320988
3 0.5361111111111111 0.7012345679012346 0.1527777777777778 0.18765432098765433
3 0.5638888888888889 0.9308641975308642 0.2222222222222222 0.14320987654320988
3 0.9541666666666667 0.44074074074074077 0.09444444444444444 0.14074074074074075
3 0.9180555555555555 0.31234567901234567 0.1527777777777778 0.18518518518518517
3 0.9743055555555555 0.10123456790123457 0.05416666666666667 0.13333333333333333
