3 0.5841145833333333 0.9407407407407408 0.09947916666666666 0.12037037037037036
3 0.11640625 0.5435185185185185 0.13489583333333333 0.09444444444444444
0 0.17708333333333334 0.6736111111111112 0.11458333333333333 0.09722222222222222
3 0.6026041666666667 0.7837962962962963 0.04895833333333333 0.13240740740740742
3 0.33984375 0.7754629629629629 0.06197916666666667 0.08981481481481482
1 0.321875 0.4185185185185185 0.03125 0.05555555555555555
1 0.21901041666666668 0.5101851851851852 0.034895833333333334 0.06111111111111111
1 0.9184895833333333 0.8833333333333333 0.04010416666666667 0.06296296296296296
1 0.8065104166666667 0.8787037037037037 0.050520833333333334 0.07962962962962963
1 0.027864583333333335 0.7986111111111112 0.0546875 0.10277777777777777
