1 0.58203125 0.23796296296296296 0.03802083333333333 0.06666666666666667
1 0.615625 0.22407407407407406 0.042708333333333334 0.07777777777777778
1 0.16484375 0.8555555555555555 0.03802083333333333 0.07777777777777778
1 0.9768229166666667 0.45046296296296295 0.04635416666666667 0.0712962962962963
1 0.9815104166666667 0.3472222222222222 0.03697916666666667 0.12407407407407407
1 0.7036458333333333 0.3824074074074074 0.04583333333333333 0.07222222222222222
1 0.7518229166666667 0.29907407407407405 0.03802083333333333 0.05555555555555555
1 0.7276041666666667 0.21851851851851853 0.041666666666666664 0.06111111111111111
0 0.4 0.5555555555555556 0.05416666666666667 0.05555555555555555
0 0.4942708333333333 0.9402777777777778 0.04895833333333333 0.12129629629629629
0 0.46145833333333336 0.9259259259259259 0.041666666666666664 0.15
