2 0.37734375 0.6620370370370371 0.0578125 0.09259259259259259
2 0.35546875 0.5805555555555556 0.050520833333333334 0.09259259259259259
1 0.53203125 0.4152777777777778 0.03177083333333333 0.06574074074074074
0 0.019010416666666665 0.5662037037037037 0.03697916666666667 0.09351851851851851
1 0.31015625 0.37175925925925923 0.04739583333333333 0.08611111111111111
1 0.23255208333333333 0.35694444444444445 0.03177083333333333 0.06944444444444445
1 0.0390625 0.37175925925925923 0.041666666666666664 0.05648148148148148
1 0.6903645833333333 0.5106481481481482 0.0359375 0.06388888888888888
1 0.72421875 0.5699074074074074 0.03802083333333333 0.05648148148148148
1 0.7458333333333333 0.7851851851851852 0.05 0.06851851851851852
1 0.4669270833333333 0.9166666666666666 0.044270833333333336 0.07962962962962963
0 0.13567708333333334 0.3726851851851852 0.0953125 0.06944444444444445
