1 0.51953125 0.1884259259259259 0.0421875 0.06944444444444445
1 0.9002604166666667 0.4689814814814815 0.06510416666666667 0.08981481481481482
1 0.8989583333333333 0.3337962962962963 0.05 0.06574074074074074
1 0.7760416666666666 0.36064814814814816 0.0375 0.05092592592592592
1 0.5408854166666667 0.43194444444444446 0.043229166666666666 0.04351851851851852
2 0.20885416666666667 0.46296296296296297 0.078125 0.11481481481481481
2 0.6567708333333333 0.5430555555555555 0.04479166666666667 0.05462962962962963
2 0.859375 0.9444444444444444 0.08125 0.11296296296296296
2 0.75703125 0.23842592592592593 0.04739583333333333 0.049074074074074076
2 0.09557291666666666 0.1675925925925926 0.06822916666666666 0.07222222222222222
2 0.12161458333333333 0.10972222222222222 0.08385416666666666 0.0824074074074074
0 0.3997395833333333 0.24953703703703703 0.0546875 0.11388888888888889
1 0.8950520833333333 0.1925925925925926 0.03177083333333333 0.04814814814814815
1 0.85859375 0.1648148148148148 0.0359375 0.04259259259259259
1 0.8760416666666667 0.13287037037037036 0.026041666666666668 0.03611111111111111
1 0.6354166666666666 0.19212962962962962 0.021875 0.049074074074074076
