3 0.78203125 0.8152777777777778 0.0453125 0.06018518518518518
3 0.43255208333333334 0.3175925925925926 0.03177083333333333 0.05740740740740741
1 0.43984375 0.9333333333333333 0.09010416666666667 0.13518518518518519
1 0.5518229166666667 0.9078703703703703 0.049479166666666664 0.08981481481481482
1 0.6763020833333333 0.7013888888888888 0.0546875 0.09351851851851851
1 0.2421875 0.9657407407407408 0.0625 0.07037037037037037
1 0.26328125 0.8611111111111112 0.050520833333333334 0.08333333333333333
1 0.24661458333333333 0.7601851851851852 0.050520833333333334 0.07407407407407407
1 0.3026041666666667 0.6291666666666667 0.04583333333333333 0.075
1 0.14791666666666667 0.8222222222222222 0.04895833333333333 0.07407407407407407
1 0.05260416666666667 0.5037037037037037 0.059375 0.07592592592592592
1 0.24322916666666666 0.29814814814814816 0.034375 0.05185185185185185
1 0.2604166666666667 0.2111111111111111 0.03229166666666667 0.046296296296296294
1 0.28463541666666664 0.14212962962962963 0.0265625 0.03611111111111111
1 0.5307291666666667 0.05416666666666667 0.035416666666666666 0.05648148148148148
1 0.06666666666666667 0.3560185185185185 0.03333333333333333 0.041666666666666664
2 0.11614583333333334 0.45092592592592595 0.058333333333333334 0.10555555555555556
