1 0.6868055555555556 0.5555555555555556 0.04583333333333333 0.09382716049382717
3 0.8173611111111111 0.6679012345679012 0.04861111111111111 0.06172839506172839
1 0.09027777777777778 0.24444444444444444 0.1 0.18271604938271604
1 0.24444444444444444 0.30864197530864196 0.08611111111111111 0.12839506172839507
1 0.38819444444444445 0.6950617283950618 0.07916666666666666 0.1308641975308642
1 0.14444444444444443 0.908641975308642 0.10277777777777777 0.1382716049382716
1 0.30416666666666664 0.9135802469135802 0.08333333333333333 0.12839506172839507
1 0.6104166666666667 0.9148148148148149 0.08472222222222223 0.17530864197530865
1 0.7569444444444444 0.5037037037037037 0.06388888888888888 0.10864197530864197
1 0.7361111111111112 0.3296296296296296 0.07222222222222222 0.1259259259259259
1 0.8430555555555556 0.1580246913580247 0.058333333333333334 0.11358024691358025
2 0.13819444444444445 0.44074074074074077 0.12361111111111112 0.20493827160493827
2 0.2326388888888889 0.454320987654321 0.08194444444444444 0.1580246913580247
