2 0.05 0.5160493827160494 0.06666666666666667 0.12839506172839507
2 0.8680555555555556 0.7345679012345679 0.08055555555555556 0.1259259259259259
2 0.7763888888888889 0.8790123456790123 0.07777777777777778 0.14320987654320988
1 0.49583333333333335 0.4049382716049383 0.04722222222222222 0.07407407407407407
1 0.5368055555555555 0.3345679012345679 0.05138888888888889 0.10123456790123457
1 0.4847222222222222 0.2123456790123457 0.04722222222222222 0.09382716049382717
1 0.5201388888888889 0.037037037037037035 0.04027777777777778 0.0691358024691358
1 0.8395833333333333 0.05308641975308642 0.059722222222222225 0.09135802469135802
1 0.9305555555555556 0.3271604938271605 0.058333333333333334 0.09135802469135802
1 0.2152777777777778 0.8938271604938272 0.075 0.13333333333333333
1 0.24791666666666667 0.6469135802469136 0.07083333333333333 0.11358024691358025
1 0.5 0.6395061728395062 0.05555555555555555 0.08888888888888889
1 0.4979166666666667 0.725925925925926 0.059722222222222225 0.09382716049382717
1 0.6166666666666667 0.8024691358024691 0.05555555555555555 0.1037037037037037
3 0.3284722222222222 0.7135802469135802 0.034722222222222224 0.03950617283950617
