1 0.27152777777777776 0.5802469135802469 0.06805555555555555 0.11358024691358025
1 0.37916666666666665 0.917283950617284 0.06388888888888888 0.11604938271604938
2 0.15625 0.5617283950617284 0.08472222222222223 0.12098765432098765
2 0.07222222222222222 0.7901234567901234 0.1111111111111111 0.1382716049382716
2 0.2875 0.7024691358024692 0.07777777777777778 0.1111111111111111
1 0.30277777777777776 0.04691358024691358 0.041666666666666664 0.05925925925925926
1 0.35 0.10123456790123457 0.044444444444444446 0.07901234567901234
1 0.28541666666666665 0.19753086419753085 0.059722222222222225 0.09382716049382717
3 0.6215277777777778 0.9814814814814815 0.04027777777777778 0.04197530864197531
3 0.7305555555555555 0.6345679012345679 0.03611111111111111 0.0691358024691358
3 0.4166666666666667 0.6148148148148148 0.03611111111111111 0.07901234567901234
3 0.35138888888888886 0.44074074074074077 0.027777777777777776 0.03209876543209877
3 0.41458333333333336 0.4765432098765432 0.020833333333333332 0.02962962962962963
3 0.6152777777777778 0.36419753086419754 0.027777777777777776 0.04691358024691358
3 0.5222222222222223 0.06296296296296296 0.03333333333333333 0.04197530864197531
1 0.1763888888888889 0.8962962962962963 0.06944444444444445 0.16790123456790124
