2 0.8305555555555556 0.3851851851851852 0.08055555555555556 0.11358024691358025
2 0.33055555555555555 0.362962962962963 0.06666666666666667 0.11358024691358025
2 0.3645833333333333 0.5925925925925926 0.12916666666666668 0.2074074074074074
1 0.07777777777777778 0.32222222222222224 0.10555555555555556 0.15555555555555556
3 0.10208333333333333 0.7703703703703704 0.07916666666666666 0.11358024691358025
3 0.3159722222222222 0.5888888888888889 0.05138888888888889 0.1308641975308642
3 0.5152777777777777 0.8246913580246914 0.07777777777777778 0.12345679012345678
3 0.6416666666666667 0.928395061728395 0.05555555555555555 0.14814814814814814
3 0.7430555555555556 0.2123456790123457 0.04722222222222222 0.08395061728395062
3 0.7284722222222222 0.5160493827160494 0.03194444444444444 0.07901234567901234
3 0.49027777777777776 0.4703703703703704 0.027777777777777776 0.05185185185185185
3 0.17847222222222223 0.4654320987654321 0.05138888888888889 0.08641975308641975
0 0.45555555555555555 0.6111111111111112 0.06666666666666667 0.254320987654321
