3 0.6527777777777778 0.45308641975308644 0.03333333333333333 0.06172839506172839
3 0.5361111111111111 0.48518518518518516 0.025 0.04197530864197531
3 0.33055555555555555 0.3888888888888889 0.016666666666666666 0.022222222222222223
3 0.225 0.5123456790123457 0.027777777777777776 0.05185185185185185
3 0.2520833333333333 0.5728395061728395 0.043055555555555555 0.04938271604938271
3 0.36736111111111114 0.5851851851851851 0.03194444444444444 0.044444444444444446
3 0.5298611111111111 0.9580246913580247 0.029166666666666667 0.03950617283950617
1 0.04027777777777778 0.2851851851851852 0.05555555555555555 0.08148148148148149
1 0.6131944444444445 0.3135802469135803 0.04583333333333333 0.08395061728395062
0 0.7805555555555556 0.845679012345679 0.09166666666666666 0.10617283950617284
0 0.7534722222222222 0.6839506172839506 0.10694444444444444 0.10864197530864197
