3 0.3575520833333333 0.45231481481481484 0.03802083333333333 0.05277777777777778
2 0.046875 0.7643518518518518 0.0625 0.13055555555555556
3 0.1640625 0.4587962962962963 0.03229166666666667 0.04537037037037037
3 0.57421875 0.45740740740740743 0.04010416666666667 0.06111111111111111
3 0.6591145833333333 0.6648148148148149 0.0296875 0.05
3 0.44166666666666665 0.5115740740740741 0.07604166666666666 0.11388888888888889
1 0.5182291666666666 0.1537037037037037 0.07708333333333334 0.1259259259259259
1 0.6604166666666667 0.4685185185185185 0.07916666666666666 0.13148148148148148
1 0.6135416666666667 0.8837962962962963 0.08333333333333333 0.16203703703703703
2 0.49765625 0.8361111111111111 0.1390625 0.2037037037037037
