2 0.2125 0.980246913580247 0.07777777777777778 0.044444444444444446
3 0.7097222222222223 0.345679012345679 0.03611111111111111 0.044444444444444446
3 0.7430555555555556 0.3296296296296296 0.027777777777777776 0.06172839506172839
3 0.7847222222222222 0.3308641975308642 0.03333333333333333 0.044444444444444446
3 0.7465277777777778 0.7666666666666667 0.029166666666666667 0.04691358024691358
3 0.7861111111111111 0.7604938271604939 0.03333333333333333 0.03950617283950617
2 0.6805555555555556 0.8345679012345679 0.05555555555555555 0.09382716049382717
1 0.45902777777777776 0.9827160493827161 0.05138888888888889 0.03950617283950617
1 0.5868055555555556 0.6074074074074074 0.04027777777777778 0.0691358024691358
1 0.6340277777777777 0.6012345679012345 0.05416666666666667 0.12098765432098765
1 0.525 0.7888888888888889 0.05277777777777778 0.08641975308641975
1 0.89375 0.6851851851851852 0.15138888888888888 0.1308641975308642
1 0.925 0.9296296296296296 0.1527777777777778 0.145679012345679
2 0.5736111111111111 0.5 0.05555555555555555 0.13580246913580246
2 0.5958333333333333 0.8308641975308642 0.06388888888888888 0.17530864197530865
