3 0.9444444444444444 0.30987654320987656 0.058333333333333334 0.04197530864197531
3 0.6833333333333333 0.28888888888888886 0.025 0.03950617283950617
3 0.7847222222222222 0.40617283950617283 0.041666666666666664 0.06666666666666667
3 0.8333333333333334 0.8358024691358025 0.06666666666666667 0.09135802469135802
2 0.21666666666666667 0.23703703703703705 0.10555555555555556 0.16296296296296298
2 0.22013888888888888 0.0654320987654321 0.09027777777777778 0.12098765432098765
2 0.08125 0.32222222222222224 0.0875 0.0962962962962963
2 0.73125 0.0962962962962963 0.059722222222222225 0.09876543209876543
2 0.5458333333333333 0.24444444444444444 0.044444444444444446 0.08395061728395062
2 0.35138888888888886 0.4160493827160494 0.08888888888888889 0.1506172839506173
2 0.49583333333333335 0.5888888888888889 0.04722222222222222 0.08148148148148149
2 0.5888888888888889 0.9703703703703703 0.06111111111111111 0.06419753086419754
1 0.11805555555555555 0.18024691358024691 0.08333333333333333 0.1037037037037037
1 0.2652777777777778 0.33209876543209876 0.07222222222222222 0.10617283950617284
1 0.6083333333333333 0.04197530864197531 0.06666666666666667 0.07407407407407407
1 0.4340277777777778 0.37530864197530867 0.04027777777777778 0.04938271604938271
1 0.7069444444444445 0.4580246913580247 0.08611111111111111 0.10617283950617284
1 0.8506944444444444 0.5666666666666667 0.09305555555555556 0.0962962962962963
1 0.7506944444444444 0.5641975308641975 0.09583333333333334 0.10617283950617284
1 0.5993055555555555 0.48518518518518516 0.07916666666666666 0.12098765432098765
1 0.011805555555555555 0.5555555555555556 0.020833333333333332 0.09382716049382717
1 0.24513888888888888 0.7296296296296296 0.09027777777777778 0.12098765432098765
1 0.3423611111111111 0.9703703703703703 0.07916666666666666 0.06419753086419754
