3 0.059027777777777776 0.34074074074074073 0.05416666666666667 0.07407407407407407
0 0.027083333333333334 0.8876543209876543 0.05138888888888889 0.22962962962962963
1 0.7798611111111111 0.9444444444444444 0.17083333333333334 0.11604938271604938
1 0.9486111111111111 0.9592592592592593 0.10555555555555556 0.08641975308641975
1 0.37430555555555556 0.6098765432098765 0.09027777777777778 0.15308641975308643
1 0.21875 0.47530864197530864 0.06805555555555555 0.10123456790123457
1 0.3013888888888889 0.33209876543209876 0.06388888888888888 0.0962962962962963
1 0.41805555555555557 0.30617283950617286 0.06388888888888888 0.09876543209876543
1 0.36527777777777776 0.15308641975308643 0.06111111111111111 0.09382716049382717
0 0.1909722222222222 0.854320987654321 0.07083333333333333 0.16790123456790124
