2 0.5868055555555556 0.5456790123456791 0.0375 0.0691358024691358
1 0.6604166666666667 0.10123456790123457 0.0375 0.07407407407407407
2 0.05 0.5469135802469136 0.09444444444444444 0.10123456790123457
2 0.16111111111111112 0.5382716049382716 0.09722222222222222 0.09382716049382717
2 0.34097222222222223 0.5950617283950618 0.05138888888888889 0.08888888888888889
2 0.63125 0.4 0.05416666666666667 0.07901234567901234
2 0.5791666666666667 0.3493827160493827 0.05277777777777778 0.09135802469135802
2 0.7090277777777778 0.23950617283950618 0.04861111111111111 0.0691358024691358
2 0.5861111111111111 0.14814814814814814 0.03888888888888889 0.0691358024691358
1 0.275 0.8185185185185185 0.09722222222222222 0.18024691358024691
1 0.10902777777777778 0.45308641975308644 0.09583333333333334 0.1308641975308642
1 0.1527777777777778 0.25555555555555554 0.05 0.07654320987654321
1 0.48333333333333334 0.3567901234567901 0.03888888888888889 0.08641975308641975
1 0.5277777777777778 0.3790123456790123 0.03333333333333333 0.07654320987654321
1 0.69375 0.8876543209876543 0.07916666666666666 0.14074074074074075
1 0.8861111111111111 0.7506172839506173 0.08055555555555556 0.16790123456790124
2 0.9770833333333333 0.7876543209876543 0.04861111111111111 0.16790123456790124
2 0.8173611111111111 0.9209876543209876 0.08194444444444444 0.13333333333333333
2 0.7583333333333333 0.825925925925926 0.08055555555555556 0.11604938271604938
