1 0.3472222222222222 0.3567901234567901 0.05555555555555555 0.10617283950617284
1 0.052083333333333336 0.4024691358024691 0.0875 0.12345679012345678
1 0.18611111111111112 0.5148148148148148 0.058333333333333334 0.0962962962962963
1 0.38055555555555554 0.4506172839506173 0.05277777777777778 0.09135802469135802
1 0.7388888888888889 0.3160493827160494 0.09166666666666666 0.1037037037037037
1 0.9694444444444444 0.519753086419753 0.06388888888888888 0.18518518518518517
1 0.9777777777777777 0.774074074074074 0.04722222222222222 0.17037037037037037
1 0.84375 0.9518518518518518 0.13194444444444445 0.10123456790123457
1 0.7236111111111111 0.9345679012345679 0.125 0.13580246913580246
1 0.5958333333333333 0.8666666666666667 0.10833333333333334 0.18271604938271604
