0 0.05 0.8074074074074075 0.09722222222222222 0.14814814814814814
0 0.32222222222222224 0.3037037037037037 0.08611111111111111 0.07407407407407407
0 0.2263888888888889 0.4024691358024691 0.044444444444444446 0.12345679012345678
2 0.31180555555555556 0.45185185185185184 0.07083333333333333 0.12345679012345678
0 0.60625 0.07407407407407407 0.10694444444444444 0.14320987654320988
0 0.5506944444444445 0.9444444444444444 0.15694444444444444 0.11604938271604938
1 0.8486111111111111 0.5123456790123457 0.14444444444444443 0.20987654320987653
1 0.8951388888888889 0.2938271604938272 0.08194444444444444 0.1728395061728395
1 0.4222222222222222 0.37160493827160496 0.08611111111111111 0.11604938271604938
1 0.24027777777777778 0.24691358024691357 0.07777777777777778 0.15308641975308643
2 0.6944444444444444 0.22962962962962963 0.10277777777777777 0.1382716049382716
0 0.7763888888888889 0.30493827160493825 0.10833333333333334 0.18518518518518517
