2 0.18611111111111112 0.5074074074074074 0.058333333333333334 0.06666666666666667
2 0.12013888888888889 0.8493827160493828 0.09305555555555556 0.1382716049382716
1 0.8631944444444445 0.6209876543209877 0.0625 0.1111111111111111
1 0.7361111111111112 0.254320987654321 0.041666666666666664 0.05432098765432099
1 0.75 0.35555555555555557 0.05277777777777778 0.09876543209876543
1 0.5916666666666667 0.16049382716049382 0.041666666666666664 0.05925925925925926
1 0.4638888888888889 0.05432098765432099 0.03888888888888889 0.07407407407407407
1 0.54375 0.42592592592592593 0.059722222222222225 0.08641975308641975
1 0.5180555555555556 0.5259259259259259 0.06944444444444445 0.1037037037037037
1 0.41875 0.8197530864197531 0.08472222222222223 0.1382716049382716
