1 0.9305555555555556 0.5839506172839506 0.03888888888888889 0.06666666666666667
1 0.8333333333333334 0.8074074074074075 0.05 0.1037037037037037
1 0.8340277777777778 0.6234567901234568 0.05138888888888889 0.08148148148148149
1 0.7104166666666667 0.41358024691358025 0.04583333333333333 0.06666666666666667
1 0.5340277777777778 0.24691358024691357 0.04027777777777778 0.07901234567901234
1 0.39375 0.05308641975308642 0.0375 0.06172839506172839
1 0.4076388888888889 0.12222222222222222 0.043055555555555555 0.056790123456790124
1 0.3875 0.2691358024691358 0.05277777777777778 0.1037037037037037
1 0.24166666666666667 0.29259259259259257 0.058333333333333334 0.05185185185185185
1 0.3111111111111111 0.5333333333333333 0.07222222222222222 0.09382716049382717
1 0.5611111111111111 0.6814814814814815 0.06111111111111111 0.09382716049382717
1 0.46458333333333335 0.5320987654320988 0.06805555555555555 0.12098765432098765
2 0.73125 0.7234567901234568 0.059722222222222225 0.08888888888888889
2 0.7041666666666667 0.7925925925925926 0.06944444444444445 0.12345679012345678
2 0.6145833333333334 0.7 0.07083333333333333 0.11604938271604938
2 0.5152777777777777 0.971604938271605 0.06944444444444445 0.06172839506172839
2 0.3298611111111111 0.737037037037037 0.0625 0.10617283950617284
2 0.2875 0.9481481481481482 0.08888888888888889 0.10864197530864197
2 0.04722222222222222 0.9654320987654321 0.08888888888888889 0.07407407407407407
