1 0.7444444444444445 0.571604938271605 0.075 0.17037037037037037
2 0.8263888888888888 0.7209876543209877 0.03888888888888889 0.0691358024691358
2 0.7847222222222222 0.6493827160493827 0.06111111111111111 0.08888888888888889
1 0.21180555555555555 0.691358024691358 0.04583333333333333 0.0691358024691358
1 0.6743055555555556 0.04197530864197531 0.05694444444444444 0.07901234567901234
2 0.29930555555555555 0.09012345679012346 0.04583333333333333 0.056790123456790124
2 0.04513888888888889 0.27283950617283953 0.08194444444444444 0.07654320987654321
2 0.35833333333333334 0.1419753086419753 0.05555555555555555 0.07654320987654321
2 0.3138888888888889 0.3765432098765432 0.06388888888888888 0.0962962962962963
2 0.34444444444444444 0.5654320987654321 0.05 0.07901234567901234
2 0.27361111111111114 0.5222222222222223 0.06111111111111111 0.10123456790123457
2 0.6666666666666666 0.7839506172839507 0.08055555555555556 0.13580246913580246
2 0.7451388888888889 0.8679012345679012 0.04027777777777778 0.08148148148148149
1 0.42916666666666664 0.06296296296296296 0.07777777777777778 0.1111111111111111
