1 0.08958333333333333 0.9567901234567902 0.13472222222222222 0.09135802469135802
1 0.3368055555555556 0.8851851851851852 0.2708333333333333 0.2345679012345679
3 0.3277777777777778 0.8604938271604938 0.2 0.2691358024691358
0 0.4708333333333333 0.4604938271604938 0.2861111111111111 0.16049382716049382
3 0.6770833333333334 0.8641975308641975 0.21805555555555556 0.2765432098765432
3 0.7402777777777778 0.6641975308641975 0.19444444444444445 0.3358024691358025
3 0.4708333333333333 0.19506172839506172 0.125 0.15308641975308643
3 0.8604166666666667 0.48271604938271606 0.19305555555555556 0.29876543209876544
3 0.9534722222222223 0.6839506172839506 0.09583333333333334 0.3012345679012346
3 0.9833333333333333 0.1469135802469136 0.03611111111111111 0.2
1 0.9659722222222222 0.10987654320987654 0.07083333333333333 0.21481481481481482
1 0.8465277777777778 0.05925925925925926 0.1597222222222222 0.11358024691358025
