0 0.16111111111111112 0.6530864197530865 0.2361111111111111 0.4074074074074074
3 0.1736111111111111 0.27901234567901234 0.1361111111111111 0.1925925925925926
3 0.39166666666666666 0.1345679012345679 0.12222222222222222 0.145679012345679
3 0.8270833333333333 0.06172839506172839 0.1375 0.11851851851851852
3 0.6826388888888889 0.05802469135802469 0.13472222222222222 0.1111111111111111
0 0.9354166666666667 0.1271604938271605 0.0875 0.1654320987654321
0 0.9513888888888888 0.2716049382716049 0.1 0.18271604938271604
3 0.8319444444444445 0.18271604938271604 0.14444444444444443 0.12839506172839507
3 0.9222222222222223 0.4345679012345679 0.15833333333333333 0.3358024691358025
3 0.7680555555555556 0.29506172839506173 0.19722222222222222 0.22469135802469137
3 0.5993055555555555 0.20246913580246914 0.14027777777777778 0.1382716049382716
0 0.5569444444444445 0.11481481481481481 0.10833333333333334 0.17530864197530865
0 0.42986111111111114 0.32222222222222224 0.09583333333333334 0.29876543209876544
0 0.6145833333333334 0.345679012345679 0.27361111111111114 0.2518518518518518
0 0.8416666666666667 0.6148148148148148 0.2777777777777778 0.4
3 0.6625 0.5740740740740741 0.23055555555555557 0.1654320987654321
1 0.9055555555555556 0.8320987654320988 0.19166666666666668 0.34074074074074073
0 0.64375 0.7975308641975308 0.4375 0.40987654320987654
0 0.29097222222222224 0.8444444444444444 0.3458333333333333 0.3160493827160494
