1 0.6902777777777778 0.11358024691358025 0.1111111111111111 0.2074074074074074
1 0.46111111111111114 0.08024691358024691 0.11666666666666667 0.15555555555555556
1 0.9416666666666667 0.8975308641975308 0.11944444444444445 0.20987654320987653
2 0.017361111111111112 0.32469135802469135 0.03194444444444444 0.1111111111111111
2 0.018055555555555554 0.8135802469135802 0.03333333333333333 0.145679012345679
2 0.1111111111111111 0.6296296296296297 0.1 0.17777777777777778
2 0.42916666666666664 0.4419753086419753 0.06388888888888888 0.10864197530864197
2 0.6638888888888889 0.39012345679012345 0.08611111111111111 0.1580246913580247
2 0.9597222222222223 0.7271604938271605 0.08333333333333333 0.14074074074074075
2 0.5881944444444445 0.654320987654321 0.10972222222222222 0.20246913580246914
