1 0.13055555555555556 0.671604938271605 0.03333333333333333 0.06419753086419754
1 0.25555555555555554 0.5123456790123457 0.027777777777777776 0.056790123456790124
1 0.5493055555555556 0.4074074074074074 0.04027777777777778 0.05925925925925926
1 0.2743055555555556 0.42345679012345677 0.02638888888888889 0.056790123456790124
1 0.3840277777777778 0.3148148148148148 0.0375 0.056790123456790124
1 0.36666666666666664 0.44938271604938274 0.041666666666666664 0.07407407407407407
1 0.47291666666666665 0.4765432098765432 0.05138888888888889 0.07407407407407407
1 0.425 0.5506172839506173 0.05 0.07901234567901234
1 0.42569444444444443 0.6271604938271605 0.04027777777777778 0.07407407407407407
1 0.5305555555555556 0.737037037037037 0.041666666666666664 0.08641975308641975
1 0.6104166666666667 0.5469135802469136 0.04583333333333333 0.06172839506172839
1 0.9145833333333333 0.5530864197530864 0.06527777777777778 0.11851851851851852
1 0.50625 0.917283950617284 0.05694444444444444 0.0962962962962963
