0 0.35694444444444445 0.674074074074074 0.08611111111111111 0.2419753086419753
0 0.5097222222222222 0.4654320987654321 0.14444444444444443 0.15555555555555556
3 0.7333333333333333 0.4283950617283951 0.058333333333333334 0.10617283950617284
0 0.5590277777777778 0.08395061728395062 0.07361111111111111 0.16296296296296298
0 0.5006944444444444 0.037037037037037035 0.06805555555555555 0.0691358024691358
0 0.17847222222222223 0.7209876543209877 0.06527777777777778 0.17777777777777778
0 0.2465277777777778 0.7419753086419754 0.04861111111111111 0.17530864197530865
0 0.2625 0.9617283950617284 0.15833333333333333 0.08148148148148149
0 0.3680555555555556 0.8222222222222222 0.19444444444444445 0.2962962962962963
0 0.3819444444444444 0.9074074074074074 0.11944444444444445 0.1308641975308642
1 0.5236111111111111 0.9629629629629629 0.09444444444444444 0.07407407407407407
1 0.44166666666666665 0.9703703703703703 0.09444444444444444 0.06419753086419754
1 0.48125 0.8271604938271605 0.12083333333333333 0.23703703703703705
1 0.6027777777777777 0.8691358024691358 0.11944444444444445 0.2123456790123457
3 0.6951388888888889 0.9407407407407408 0.14027777777777778 0.12345679012345678
0 0.6027777777777777 0.6469135802469136 0.1361111111111111 0.36049382716049383
1 0.5590277777777778 0.6395061728395062 0.09305555555555556 0.18765432098765433
0 0.3576388888888889 0.5185185185185185 0.12916666666666668 0.16790123456790124
0 0.46458333333333335 0.5481481481481482 0.13194444444444445 0.19753086419753085
1 0.4305555555555556 0.5617283950617284 0.06388888888888888 0.11604938271604938
0 0.3972222222222222 0.32222222222222224 0.1111111111111111 0.21975308641975308
0 0.47152777777777777 0.2037037037037037 0.09583333333333334 0.21481481481481482
1 0.7069444444444445 0.5654320987654321 0.10277777777777777 0.1925925925925926
1 0.7291666666666666 0.7592592592592593 0.14722222222222223 0.2345679012345679
1 0.6159722222222223 0.4469135802469136 0.10138888888888889 0.1580246913580247
1 0.5090277777777777 0.37777777777777777 0.09305555555555556 0.1382716049382716
0 0.6395833333333333 0.3567901234567901 0.21805555555555556 0.17037037037037037
3 0.6826388888888889 0.2617283950617284 0.13194444444444445 0.1580246913580247
0 0.7972222222222223 0.3012345679012346 0.23055555555555557 0.1925925925925926
0 0.35625 0.25308641975308643 0.07083333333333333 0.13580246913580246
0 0.3277777777777778 0.11358024691358025 0.06388888888888888 0.12345679012345678
0 0.44513888888888886 0.0728395061728395 0.0763888888888889 0.14074074074074075
1 0.5604166666666667 0.19506172839506172 0.06527777777777778 0.11358024691358025
0 0.6326388888888889 0.12839506172839507 0.2875 0.1925925925925926
1 0.6590277777777778 0.05185185185185185 0.0625 0.09876543209876543
3 0.7513888888888889 0.03827160493827161 0.11388888888888889 0.07160493827160494
