1 0.30486111111111114 0.11851851851851852 0.04583333333333333 0.07901234567901234
1 0.7479166666666667 0.44938271604938274 0.034722222222222224 0.06419753086419754
1 0.1486111111111111 0.34074074074074073 0.075 0.11851851851851852
1 0.31527777777777777 0.2962962962962963 0.06944444444444445 0.14320987654320988
1 0.5763888888888888 0.10740740740740741 0.07222222222222222 0.09135802469135802
1 0.3486111111111111 0.508641975308642 0.041666666666666664 0.08888888888888889
1 0.40625 0.13209876543209875 0.03194444444444444 0.07160493827160494
2 0.17916666666666667 0.6148148148148148 0.09444444444444444 0.12345679012345678
2 0.36736111111111114 0.44320987654320987 0.05694444444444444 0.07160493827160494
2 0.8569444444444444 0.2814814814814815 0.04722222222222222 0.09382716049382717
1 0.95625 0.9506172839506173 0.09027777777777778 0.1037037037037037
