1 0.22361111111111112 0.10246913580246914 0.058333333333333334 0.05185185185185185
1 0.49375 0.26049382716049385 0.059722222222222225 0.10617283950617284
1 0.6208333333333333 0.2641975308641975 0.05555555555555555 0.0691358024691358
1 0.5493055555555556 0.2382716049382716 0.029166666666666667 0.05185185185185185
1 0.7805555555555556 0.31851851851851853 0.10277777777777777 0.12839506172839507
1 0.8388888888888889 0.4876543209876543 0.08888888888888889 0.13580246913580246
1 0.9743055555555555 0.5679012345679012 0.05416666666666667 0.2271604938271605
1 0.3277777777777778 0.7777777777777778 0.16666666666666666 0.2716049382716049
1 0.8895833333333333 0.43703703703703706 0.08472222222222223 0.15308641975308643
2 0.9583333333333334 0.38395061728395063 0.08611111111111111 0.11604938271604938
