0 0.4701388888888889 0.9296296296296296 0.09583333333333334 0.145679012345679
1 0.7770833333333333 0.3530864197530864 0.06527777777777778 0.1382716049382716
1 0.9826388888888888 0.3432098765432099 0.0375 0.10864197530864197
2 0.9826388888888888 0.2580246913580247 0.0375 0.08148148148148149
2 0.6680555555555555 0.18518518518518517 0.06111111111111111 0.08395061728395062
2 0.6076388888888888 0.2 0.043055555555555555 0.08395061728395062
2 0.6534722222222222 0.2814814814814815 0.04861111111111111 0.1037037037037037
1 0.74375 0.26666666666666666 0.06527777777777778 0.11358024691358025
1 0.5756944444444444 0.1308641975308642 0.05138888888888889 0.07407407407407407
1 0.50625 0.25679012345679014 0.06527777777777778 0.1382716049382716
1 0.04722222222222222 0.38271604938271603 0.09166666666666666 0.16296296296296298
1 0.19930555555555557 0.8160493827160494 0.11527777777777778 0.21975308641975308
1 0.30416666666666664 0.9074074074074074 0.10833333333333334 0.19012345679012346
1 0.5791666666666667 0.8864197530864197 0.09166666666666666 0.20246913580246914
1 0.6972222222222222 0.8481481481481481 0.1361111111111111 0.25925925925925924
