2 0.5270833333333333 0.5975308641975309 0.09027777777777778 0.14320987654320988
2 0.3645833333333333 0.7987654320987654 0.0625 0.11604938271604938
2 0.18958333333333333 0.9135802469135802 0.06805555555555555 0.09876543209876543
2 0.11805555555555555 0.6617283950617284 0.125 0.19753086419753085
1 0.5791666666666667 0.027160493827160494 0.05555555555555555 0.04938271604938271
1 0.08541666666666667 0.36419753086419754 0.07083333333333333 0.09135802469135802
1 0.02361111111111111 0.5 0.044444444444444446 0.14074074074074075
1 0.9680555555555556 0.6679012345679012 0.06666666666666667 0.11604938271604938
1 0.6625 0.3925925925925926 0.04722222222222222 0.07901234567901234
1 0.4340277777777778 0.5666666666666667 0.07083333333333333 0.0962962962962963
1 0.175 0.38641975308641974 0.07777777777777778 0.1308641975308642
1 0.38125 0.056790123456790124 0.06805555555555555 0.10864197530864197
1 0.4534722222222222 0.11728395061728394 0.06527777777777778 0.1259259259259259
1 0.5388888888888889 0.41728395061728396 0.06666666666666667 0.10864197530864197
