1 0.35555555555555557 0.47160493827160493 0.06666666666666667 0.07901234567901234
1 0.034722222222222224 0.2074074074074074 0.06666666666666667 0.1728395061728395
0 0.14652777777777778 0.2271604938271605 0.06527777777777778 0.07407407407407407
1 0.23680555555555555 0.22839506172839505 0.06805555555555555 0.11604938271604938
1 0.4875 0.03827160493827161 0.06944444444444445 0.07160493827160494
0 0.61875 0.15308641975308643 0.12638888888888888 0.17777777777777778
2 0.9652777777777778 0.5222222222222223 0.07222222222222222 0.1308641975308642
0 0.8951388888888889 0.6024691358024692 0.08194444444444444 0.2518518518518518
0 0.6590277777777778 0.5888888888888889 0.08472222222222223 0.1111111111111111
2 0.1701388888888889 0.9111111111111111 0.1125 0.16296296296296298
