0 0.30277777777777776 0.8592592592592593 0.16111111111111112 0.11851851851851852
0 0.20972222222222223 0.928395061728395 0.06111111111111111 0.14814814814814814
1 0.08263888888888889 0.4876543209876543 0.05138888888888889 0.1259259259259259
1 0.5583333333333333 0.1506172839506173 0.03333333333333333 0.05432098765432099
1 0.4791666666666667 0.16296296296296298 0.044444444444444446 0.06419753086419754
1 0.4909722222222222 0.22962962962962963 0.043055555555555555 0.09876543209876543
1 0.28402777777777777 0.31851851851851853 0.07361111111111111 0.10864197530864197
1 0.4847222222222222 0.42592592592592593 0.07222222222222222 0.12098765432098765
1 0.6604166666666667 0.21358024691358024 0.0625 0.0962962962962963
1 0.5131944444444444 0.5962962962962963 0.0625 0.11604938271604938
1 0.42777777777777776 0.6753086419753086 0.06666666666666667 0.11604938271604938
1 0.68125 0.9049382716049382 0.10138888888888889 0.18024691358024691
