0 0.9715277777777778 0.9024691358024691 0.059722222222222225 0.2
0 0.8895833333333333 0.6814814814814815 0.05416666666666667 0.1728395061728395
2 0.4861111111111111 0.4271604938271605 0.07777777777777778 0.09382716049382717
2 0.04791666666666667 0.39012345679012345 0.09305555555555556 0.07407407407407407
2 0.16805555555555557 0.4148148148148148 0.09722222222222222 0.12839506172839507
2 0.3472222222222222 0.5407407407407407 0.058333333333333334 0.07901234567901234
1 0.8291666666666667 0.5172839506172839 0.07222222222222222 0.14074074074074075
1 0.49930555555555556 0.291358024691358 0.05694444444444444 0.09876543209876543
1 0.43819444444444444 0.04814814814814815 0.05416666666666667 0.09135802469135802
1 0.21666666666666667 0.2271604938271605 0.07222222222222222 0.11851851851851852
1 0.13333333333333333 0.20123456790123456 0.07222222222222222 0.0962962962962963
1 0.06458333333333334 0.29012345679012347 0.08472222222222223 0.11604938271604938
0 0.4895833333333333 0.745679012345679 0.059722222222222225 0.2074074074074074
0 0.46875 0.8975308641975308 0.10416666666666667 0.20987654320987653
