0 0.28888888888888886 0.9493827160493827 0.06388888888888888 0.10617283950617284
2 0.5534722222222223 0.5345679012345679 0.05694444444444444 0.09135802469135802
2 0.2951388888888889 0.6444444444444445 0.07083333333333333 0.0691358024691358
2 0.34305555555555556 0.9765432098765432 0.06388888888888888 0.05185185185185185
2 0.3958333333333333 0.9567901234567902 0.05277777777777778 0.09135802469135802
2 0.3076388888888889 0.5691358024691358 0.06805555555555555 0.07654320987654321
0 0.6652777777777777 0.7691358024691358 0.10833333333333334 0.14074074074074075
2 0.6118055555555556 0.9234567901234568 0.1125 0.1580246913580247
2 0.5972222222222222 0.3987654320987654 0.08611111111111111 0.1259259259259259
1 0.9722222222222222 0.043209876543209874 0.058333333333333334 0.08148148148148149
1 0.16805555555555557 0.5518518518518518 0.041666666666666664 0.07160493827160494
1 0.1 0.8123456790123457 0.06111111111111111 0.09876543209876543
1 0.5604166666666667 0.6296296296296297 0.08194444444444444 0.11358024691358025
1 0.8222222222222222 0.5740740740740741 0.10833333333333334 0.1654320987654321
1 0.9430555555555555 0.6518518518518519 0.11666666666666667 0.1580246913580247
