1 0.4395833333333333 0.16419753086419753 0.04027777777777778 0.07654320987654321
1 0.4361111111111111 0.3197530864197531 0.03333333333333333 0.06666666666666667
1 0.4597222222222222 0.2654320987654321 0.019444444444444445 0.04197530864197531
1 0.4826388888888889 0.26049382716049385 0.02361111111111111 0.04197530864197531
1 0.40208333333333335 0.3172839506172839 0.04583333333333333 0.07654320987654321
1 0.2076388888888889 0.16790123456790124 0.06527777777777778 0.0691358024691358
1 0.15 0.15555555555555556 0.05 0.07901234567901234
1 0.06111111111111111 0.28641975308641976 0.08055555555555556 0.09382716049382717
1 0.48125 0.5382716049382716 0.02638888888888889 0.0691358024691358
1 0.5048611111111111 0.571604938271605 0.0375 0.06666666666666667
1 0.5486111111111112 0.6172839506172839 0.04722222222222222 0.0691358024691358
1 0.17708333333333334 0.5320987654320988 0.07361111111111111 0.1259259259259259
1 0.29444444444444445 0.6530864197530865 0.058333333333333334 0.11604938271604938
1 0.36180555555555555 0.7296296296296296 0.05138888888888889 0.08641975308641975
