3 0.5520833333333334 0.4641975308641975 0.05416666666666667 0.09382716049382717
2 0.5506944444444445 0.3308641975308642 0.09027777777777778 0.14320987654320988
2 0.33125 0.35185185185185186 0.10138888888888889 0.19012345679012346
1 0.3388888888888889 0.07037037037037037 0.07777777777777778 0.13580246913580246
1 0.8618055555555556 0.06296296296296296 0.04583333333333333 0.07160493827160494
1 0.8993055555555556 0.18641975308641975 0.07361111111111111 0.09135802469135802
1 0.6736111111111112 0.2308641975308642 0.10277777777777777 0.1111111111111111
1 0.7236111111111111 0.1962962962962963 0.08333333333333333 0.13580246913580246
1 0.6631944444444444 0.9333333333333333 0.1625 0.1382716049382716
1 0.8173611111111111 0.3790123456790123 0.15138888888888888 0.2839506172839506
1 0.6979166666666666 0.5160493827160494 0.18194444444444444 0.3308641975308642
1 0.4270833333333333 0.3790123456790123 0.10694444444444444 0.254320987654321
