0 0.6722222222222223 0.4024691358024691 0.05555555555555555 0.09382716049382717
0 0.9020833333333333 0.6728395061728395 0.12916666666666668 0.1506172839506173
1 0.04027777777777778 0.11481481481481481 0.044444444444444446 0.07654320987654321
1 0.30694444444444446 0.23703703703703705 0.03888888888888889 0.0691358024691358
1 0.3111111111111111 0.1617283950617284 0.03333333333333333 0.06172839506172839
1 0.33611111111111114 0.20864197530864198 0.03611111111111111 0.06666666666666667
2 0.18888888888888888 0.5493827160493827 0.06388888888888888 0.07654320987654321
1 0.17222222222222222 0.4580246913580247 0.05555555555555555 0.08148148148148149
1 0.25833333333333336 0.5617283950617284 0.07222222222222222 0.1259259259259259
1 0.5006944444444444 0.27901234567901234 0.03194444444444444 0.06419753086419754
1 0.5458333333333333 0.31234567901234567 0.025 0.056790123456790124
1 0.8375 0.4506172839506173 0.05 0.05185185185185185
1 0.8305555555555556 0.9777777777777777 0.09722222222222222 0.04938271604938271
1 0.9791666666666666 0.9641975308641976 0.044444444444444446 0.07654320987654321
1 0.9222222222222223 0.9382716049382716 0.08611111111111111 0.12839506172839507
1 0.4354166666666667 0.7444444444444445 0.07916666666666666 0.16049382716049382
1 0.4284722222222222 0.3888888888888889 0.07361111111111111 0.13580246913580246
1 0.39305555555555555 0.5012345679012346 0.08888888888888889 0.1580246913580247
1 0.5868055555555556 0.25679012345679014 0.02638888888888889 0.05432098765432099
