1 0.4666666666666667 0.4185185185185185 0.03611111111111111 0.07654320987654321
1 0.28194444444444444 0.6012345679012345 0.041666666666666664 0.05185185185185185
1 0.19722222222222222 0.6901234567901234 0.03888888888888889 0.06666666666666667
1 0.08472222222222223 0.7308641975308642 0.05555555555555555 0.07407407407407407
1 0.04791666666666667 0.8567901234567902 0.0625 0.09382716049382717
1 0.4097222222222222 0.5320987654320988 0.05 0.06172839506172839
1 0.4465277777777778 0.5160493827160494 0.043055555555555555 0.044444444444444446
1 0.4625 0.5419753086419753 0.041666666666666664 0.04691358024691358
1 0.6090277777777777 0.2506172839506173 0.029166666666666667 0.05185185185185185
1 0.5576388888888889 0.4246913580246914 0.029166666666666667 0.06419753086419754
1 0.6631944444444444 0.49876543209876545 0.04583333333333333 0.05432098765432099
1 0.7277777777777777 0.5654320987654321 0.058333333333333334 0.08395061728395062
1 0.9784722222222222 0.38641975308641974 0.04583333333333333 0.10617283950617284
1 0.7798611111111111 0.6432098765432098 0.05694444444444444 0.10123456790123457
1 0.46805555555555556 0.7037037037037037 0.06388888888888888 0.10864197530864197
2 0.5055555555555555 0.6432098765432098 0.06111111111111111 0.07160493827160494
1 0.8694444444444445 0.8950617283950617 0.10833333333333334 0.15555555555555556
2 0.9388888888888889 0.7518518518518519 0.07222222222222222 0.10123456790123457
2 0.8520833333333333 0.7580246913580246 0.0763888888888889 0.08888888888888889
