2 0.8571614583333333 0.944212962962963 0.05026041666666667 0.08472222222222223
2 0.5513020833333333 0.8909722222222223 0.0515625 0.05324074074074074
2 0.6197916666666666 0.9680555555555556 0.0890625 0.06481481481481481
2 0.21940104166666666 0.9011574074074075 0.07682291666666667 0.1050925925925926
2 0.405859375 0.9523148148148148 0.07161458333333333 0.0962962962962963
2 0.366796875 0.10462962962962963 0.05703125 0.044444444444444446
2 0.4412760416666667 0.17407407407407408 0.038802083333333334 0.07037037037037037
2 0.44166666666666665 0.2539351851851852 0.035416666666666666 0.10416666666666667
1 0.33984375 0.7699074074074074 0.06458333333333334 0.09444444444444444
1 0.4552083333333333 0.6092592592592593 0.059895833333333336 0.10277777777777777
