1 0.2326388888888889 0.24814814814814815 0.05416666666666667 0.07160493827160494
1 0.47708333333333336 0.04691358024691358 0.0625 0.07901234567901234
1 0.7236111111111111 0.24938271604938272 0.07777777777777778 0.1580246913580247
1 0.7486111111111111 0.608641975308642 0.10555555555555556 0.13580246913580246
1 0.9 0.5419753086419753 0.07222222222222222 0.08641975308641975
1 0.8493055555555555 0.5740740740740741 0.02638888888888889 0.05185185185185185
1 0.3819444444444444 0.3987654320987654 0.06111111111111111 0.056790123456790124
1 0.4215277777777778 0.08765432098765433 0.034722222222222224 0.06666666666666667
2 0.49583333333333335 0.3765432098765432 0.08055555555555556 0.12098765432098765
2 0.4701388888888889 0.5074074074074074 0.04027777777777778 0.08148148148148149
2 0.34097222222222223 0.9555555555555556 0.0375 0.09382716049382717
0 0.4513888888888889 0.7148148148148148 0.09444444444444444 0.21481481481481482
0 0.6256944444444444 0.7555555555555555 0.14027777777777778 0.08395061728395062
3 0.4479166666666667 0.6172839506172839 0.02361111111111111 0.044444444444444446
3 0.5847222222222223 0.8407407407407408 0.025 0.027160493827160494
3 0.3416666666666667 0.3617283950617284 0.019444444444444445 0.04197530864197531
