2 0.7944444444444444 0.06790123456790123 0.06666666666666667 0.09135802469135802
2 0.9743055555555555 0.8839506172839506 0.05416666666666667 0.12839506172839507
2 0.49930555555555556 0.5777777777777777 0.04583333333333333 0.08395061728395062
2 0.2763888888888889 0.3358024691358025 0.05277777777777778 0.06419753086419754
2 0.2 0.6296296296296297 0.06388888888888888 0.07407407407407407
2 0.09444444444444444 0.6222222222222222 0.041666666666666664 0.04938271604938271
1 0.5256944444444445 0.7296296296296296 0.05138888888888889 0.09135802469135802
1 0.44513888888888886 0.6049382716049383 0.05416666666666667 0.08888888888888889
1 0.35625 0.508641975308642 0.05416666666666667 0.09382716049382717
1 0.95 0.05925925925925926 0.10277777777777777 0.11358024691358025
1 0.9652777777777778 0.23950617283950618 0.07222222222222222 0.16296296296296298
1 0.6493055555555556 0.5 0.07083333333333333 0.1308641975308642
0 0.7034722222222223 0.48271604938271606 0.05416666666666667 0.1308641975308642
0 0.7625 0.4012345679012346 0.07222222222222222 0.18518518518518517
0 0.5798611111111112 0.5728395061728395 0.07361111111111111 0.09382716049382717
