3 0.5520833333333334 0.32592592592592595 0.02638888888888889 0.044444444444444446
1 0.9013888888888889 0.291358024691358 0.06388888888888888 0.0691358024691358
1 0.8354166666666667 0.48518518518518516 0.06805555555555555 0.1259259259259259
1 0.8951388888888889 0.8888888888888888 0.08472222222222223 0.13333333333333333
2 0.3173611111111111 0.6814814814814815 0.12083333333333333 0.2074074074074074
2 0.75 0.7839506172839507 0.07222222222222222 0.15555555555555556
2 0.5027777777777778 0.3728395061728395 0.06388888888888888 0.11358024691358025
1 0.425 0.24938271604938272 0.044444444444444446 0.08395061728395062
0 0.6743055555555556 0.2851851851851852 0.0625 0.14074074074074075
0 0.6229166666666667 0.3074074074074074 0.0375 0.1506172839506173
0 0.6340277777777777 0.49135802469135803 0.0375 0.14320987654320988
