0 0.8215277777777777 0.12098765432098765 0.08194444444444444 0.16296296296296298
1 0.7548611111111111 0.1259259259259259 0.09583333333333334 0.14814814814814814
1 0.2111111111111111 0.8234567901234567 0.1 0.10617283950617284
1 0.3173611111111111 0.6962962962962963 0.07083333333333333 0.1382716049382716
1 0.38333333333333336 0.5172839506172839 0.09166666666666666 0.1654320987654321
1 0.37222222222222223 0.12962962962962962 0.17777777777777778 0.23950617283950618
1 0.0625 0.8222222222222222 0.1111111111111111 0.1382716049382716
1 0.8125 0.2938271604938272 0.09166666666666666 0.16790123456790124
2 0.5375 0.7604938271604939 0.075 0.14320987654320988
0 0.4722222222222222 0.519753086419753 0.07222222222222222 0.19012345679012346
