0 0.5951388888888889 0.19135802469135801 0.07083333333333333 0.17037037037037037
0 0.9027777777777778 0.4641975308641975 0.10833333333333334 0.12345679012345678
1 0.4965277777777778 0.18765432098765433 0.07916666666666666 0.14320987654320988
1 0.7694444444444445 0.2617283950617284 0.05277777777777778 0.1037037037037037
1 0.7854166666666667 0.1037037037037037 0.05138888888888889 0.08888888888888889
1 0.7006944444444444 0.7518518518518519 0.06805555555555555 0.12098765432098765
1 0.3701388888888889 0.48641975308641977 0.06527777777777778 0.12345679012345678
1 0.0375 0.4925925925925926 0.05 0.08148148148148149
1 0.02847222222222222 0.3074074074074074 0.04583333333333333 0.08641975308641975
1 0.11736111111111111 0.04197530864197531 0.05694444444444444 0.07901234567901234
1 0.034027777777777775 0.20123456790123456 0.04583333333333333 0.06666666666666667
2 0.08958333333333333 0.49876543209876545 0.03194444444444444 0.07407407407407407
2 0.70625 0.3790123456790123 0.04583333333333333 0.07654320987654321
2 0.7090277777777778 0.18765432098765433 0.034722222222222224 0.06419753086419754
2 0.6430555555555556 0.06049382716049383 0.05555555555555555 0.08641975308641975
2 0.8486111111111111 0.20246913580246914 0.03888888888888889 0.07407407407407407
