0 0.6381944444444444 0.6555555555555556 0.07083333333333333 0.06666666666666667
0 0.6958333333333333 0.20123456790123456 0.06388888888888888 0.1259259259259259
1 0.8888888888888888 0.29259259259259257 0.07222222222222222 0.11604938271604938
1 0.46111111111111114 0.2654320987654321 0.041666666666666664 0.10617283950617284
1 0.24791666666666667 0.9407407407407408 0.04583333333333333 0.12345679012345678
1 0.46805555555555556 0.9506172839506173 0.08888888888888889 0.1037037037037037
1 0.5826388888888889 0.8222222222222222 0.0763888888888889 0.15308641975308643
1 0.11944444444444445 0.7765432098765432 0.09166666666666666 0.145679012345679
1 0.043055555555555555 0.043209876543209874 0.08333333333333333 0.08148148148148149
2 0.21041666666666667 0.8962962962962963 0.04861111111111111 0.09382716049382717
2 0.4951388888888889 0.7802469135802469 0.09027777777777778 0.16296296296296298
2 0.7277777777777777 0.6839506172839506 0.06666666666666667 0.10864197530864197
2 0.5701388888888889 0.48518518518518516 0.05416666666666667 0.056790123456790124
2 0.5076388888888889 0.4679012345679012 0.05416666666666667 0.06666666666666667
2 0.41458333333333336 0.6246913580246913 0.05138888888888889 0.05925925925925926
2 0.24166666666666667 0.6283950617283951 0.05277777777777778 0.08148148148148149
