1 0.03263888888888889 0.519753086419753 0.0625 0.13580246913580246
2 0.9548611111111112 0.6395061728395062 0.09305555555555556 0.1382716049382716
0 0.6201388888888889 0.6123456790123457 0.1375 0.18765432098765433
2 0.9416666666666667 0.3037037037037037 0.11388888888888889 0.1728395061728395
2 0.8777777777777778 0.2 0.09444444444444444 0.12839506172839507
2 0.7506944444444444 0.7555555555555555 0.09861111111111111 0.14814814814814814
2 0.6118055555555556 0.9074074074074074 0.12916666666666668 0.19012345679012346
2 0.4638888888888889 0.43950617283950616 0.1 0.2074074074074074
2 0.7097222222222223 0.32592592592592595 0.09444444444444444 0.12345679012345678
2 0.6722222222222223 0.2037037037037037 0.10555555555555556 0.16049382716049382
1 0.9611111111111111 0.4506172839506173 0.08055555555555556 0.22469135802469137
1 0.44513888888888886 0.8222222222222222 0.09027777777777778 0.17777777777777778
1 0.34652777777777777 0.4012345679012346 0.06527777777777778 0.14074074074074075
1 0.2701388888888889 0.5444444444444444 0.09583333333333334 0.13580246913580246
1 0.23333333333333334 0.3617283950617284 0.08333333333333333 0.1308641975308642
1 0.13194444444444445 0.3419753086419753 0.07777777777777778 0.1111111111111111
1 0.5465277777777777 0.38395061728395063 0.05694444444444444 0.10617283950617284
1 0.38055555555555554 0.19135802469135801 0.09166666666666666 0.18024691358024691
1 0.26875 0.19876543209876543 0.09027777777777778 0.1506172839506173
1 0.10416666666666667 0.1765432098765432 0.1 0.1308641975308642
