3 0.8909722222222223 0.37407407407407406 0.043055555555555555 0.04691358024691358
3 0.3416666666666667 0.5814814814814815 0.03888888888888889 0.037037037037037035
3 0.31805555555555554 0.6148148148148148 0.022222222222222223 0.03950617283950617
3 0.50625 0.582716049382716 0.02638888888888889 0.02962962962962963
3 0.3763888888888889 0.30864197530864196 0.05555555555555555 0.05432098765432099
3 0.4013888888888889 0.27901234567901234 0.03888888888888889 0.044444444444444446
1 0.7923611111111111 0.7654320987654321 0.10694444444444444 0.16296296296296298
1 0.75625 0.6111111111111112 0.10138888888888889 0.18518518518518517
1 0.7298611111111111 0.4382716049382716 0.1125 0.15555555555555556
1 0.6631944444444444 0.5271604938271605 0.09027777777777778 0.13580246913580246
1 0.8597222222222223 0.5123456790123457 0.12222222222222222 0.1654320987654321
1 0.8138888888888889 0.34074074074074073 0.06944444444444445 0.10864197530864197
1 0.8069444444444445 0.2123456790123457 0.06944444444444445 0.1382716049382716
1 0.7375 0.13333333333333333 0.058333333333333334 0.11358024691358025
1 0.63125 0.2222222222222222 0.07083333333333333 0.1037037037037037
1 0.4666666666666667 0.18641975308641975 0.058333333333333334 0.10123456790123457
1 0.29791666666666666 0.9135802469135802 0.0875 0.17777777777777778
1 0.5798611111111112 0.8135802469135802 0.07083333333333333 0.145679012345679
1 0.4270833333333333 0.9407407407407408 0.09583333333333334 0.12345679012345678
1 0.49027777777777776 0.7506172839506173 0.07777777777777778 0.16790123456790124
1 0.4125 0.774074074074074 0.06666666666666667 0.13580246913580246
1 0.35833333333333334 0.5098765432098765 0.058333333333333334 0.09135802469135802
1 0.2902777777777778 0.5234567901234568 0.07222222222222222 0.1037037037037037
1 0.5013888888888889 0.37037037037037035 0.07777777777777778 0.11358024691358025
1 0.37916666666666665 0.3851851851851852 0.06388888888888888 0.08395061728395062
1 0.4263888888888889 0.49506172839506174 0.075 0.07160493827160494
1 0.41041666666666665 0.5790123456790124 0.0763888888888889 0.0962962962962963
1 0.2604166666666667 0.6444444444444445 0.07361111111111111 0.1037037037037037
