1 0.04097222222222222 0.9024691358024691 0.07361111111111111 0.2
1 0.9611111111111111 0.5444444444444444 0.08055555555555556 0.15555555555555556
1 0.5055555555555555 0.1506172839506173 0.07222222222222222 0.11358024691358025
1 0.39791666666666664 0.11234567901234568 0.07916666666666666 0.13580246913580246
0 0.49166666666666664 0.682716049382716 0.15833333333333333 0.1308641975308642
2 0.6326388888888889 0.7395061728395061 0.12083333333333333 0.2
2 0.24375 0.4925925925925926 0.08194444444444444 0.11604938271604938
2 0.19236111111111112 0.6617283950617284 0.11805555555555555 0.15308641975308643
1 0.35208333333333336 0.7308641975308642 0.09861111111111111 0.16296296296296298
1 0.7381944444444445 0.6358024691358025 0.08194444444444444 0.1506172839506173
1 0.65625 0.4567901234567901 0.08194444444444444 0.1382716049382716
1 0.4895833333333333 0.2691358024691358 0.06527777777777778 0.11851851851851852
1 0.30416666666666664 0.3037037037037037 0.07222222222222222 0.11358024691358025
0 0.4326388888888889 0.4345679012345679 0.0625 0.1728395061728395
