1 0.8576388888888888 0.11851851851851852 0.09861111111111111 0.1382716049382716
1 0.39444444444444443 0.44074074074074077 0.05 0.09135802469135802
1 0.43125 0.6469135802469136 0.07083333333333333 0.09382716049382717
1 0.4597222222222222 0.5148148148148148 0.05 0.09135802469135802
1 0.5180555555555556 0.5259259259259259 0.058333333333333334 0.07901234567901234
1 0.5305555555555556 0.2975308641975309 0.04722222222222222 0.09135802469135802
1 0.5569444444444445 0.39012345679012345 0.06666666666666667 0.09876543209876543
1 0.6013888888888889 0.5469135802469136 0.07222222222222222 0.09135802469135802
1 0.6958333333333333 0.40617283950617283 0.09444444444444444 0.14074074074074075
1 0.6597222222222222 0.16913580246913582 0.058333333333333334 0.1259259259259259
1 0.8652777777777778 0.24567901234567902 0.08888888888888889 0.1308641975308642
1 0.5861111111111111 0.6580246913580247 0.075 0.12098765432098765
1 0.46111111111111114 0.9481481481481482 0.08055555555555556 0.10864197530864197
1 0.5708333333333333 0.8691358024691358 0.07222222222222222 0.1580246913580247
1 0.6611111111111111 0.8790123456790123 0.09444444444444444 0.16790123456790124
1 0.7638888888888888 0.9592592592592593 0.08888888888888889 0.08641975308641975
1 0.8791666666666667 0.6666666666666666 0.11666666666666667 0.20246913580246914
1 0.9597222222222223 0.5592592592592592 0.08333333333333333 0.19506172839506172
1 0.9604166666666667 0.8308641975308642 0.08194444444444444 0.21481481481481482
0 0.5027777777777778 0.6975308641975309 0.09166666666666666 0.09135802469135802
0 0.7013888888888888 0.7 0.06111111111111111 0.1259259259259259
