1 0.7715277777777778 0.05308641975308642 0.0763888888888889 0.10123456790123457
1 0.07916666666666666 0.3345679012345679 0.13055555555555556 0.19506172839506172
1 0.3472222222222222 0.6111111111111112 0.13055555555555556 0.20987654320987653
1 0.5701388888888889 0.445679012345679 0.09027777777777778 0.15555555555555556
1 0.7048611111111112 0.4160493827160494 0.10416666666666667 0.19012345679012346
1 0.8444444444444444 0.345679012345679 0.08888888888888889 0.15308641975308643
1 0.9625 0.4222222222222222 0.07777777777777778 0.16296296296296298
1 0.9125 0.8814814814814815 0.11944444444444445 0.1925925925925926
1 0.058333333333333334 0.8827160493827161 0.1111111111111111 0.23950617283950618
2 0.7048611111111112 0.6 0.0875 0.1382716049382716
2 0.8125 0.5691358024691358 0.09722222222222222 0.18024691358024691
2 0.9125 0.5567901234567901 0.12222222222222222 0.16049382716049382
0 0.5090277777777777 0.6938271604938272 0.16527777777777777 0.18271604938271604
0 0.74375 0.7246913580246913 0.1875 0.13580246913580246
0 0.7340277777777777 0.291358024691358 0.12083333333333333 0.2814814814814815
2 0.8791666666666667 0.14320987654320988 0.11666666666666667 0.1382716049382716
