1 0.24375 0.5049382716049383 0.10138888888888889 0.18024691358024691
1 0.34305555555555556 0.0691358024691358 0.07777777777777778 0.12839506172839507
1 0.5347222222222222 0.5481481481481482 0.07222222222222222 0.13333333333333333
1 0.47847222222222224 0.6617283950617284 0.06527777777777778 0.12345679012345678
1 0.4076388888888889 0.8864197530864197 0.07083333333333333 0.1382716049382716
1 0.5020833333333333 0.9444444444444444 0.0763888888888889 0.11604938271604938
1 0.6291666666666667 0.9493827160493827 0.1 0.10617283950617284
2 0.5125 0.3851851851851852 0.07777777777777778 0.12345679012345678
2 0.5395833333333333 0.22469135802469137 0.059722222222222225 0.12345679012345678
2 0.6027777777777777 0.11851851851851852 0.05555555555555555 0.09382716049382717
1 0.4 0.6024691358024692 0.08055555555555556 0.1382716049382716
