1 0.33541666666666664 0.5740740740740741 0.11527777777777778 0.21975308641975308
1 0.5513888888888889 0.20123456790123456 0.075 0.1506172839506173
0 0.3159722222222222 0.25925925925925924 0.06527777777777778 0.15308641975308643
0 0.6923611111111111 0.6765432098765433 0.05694444444444444 0.2123456790123457
0 0.5729166666666666 0.5555555555555556 0.0625 0.11358024691358025
0 0.4861111111111111 0.7703703703703704 0.09444444444444444 0.20246913580246914
0 0.5847222222222223 0.42098765432098767 0.058333333333333334 0.1259259259259259
0 0.1909722222222222 0.6358024691358025 0.11527777777777778 0.1111111111111111
2 0.22361111111111112 0.4567901234567901 0.09444444444444444 0.11358024691358025
2 0.47291666666666665 0.3987654320987654 0.06805555555555555 0.11604938271604938
2 0.6659722222222222 0.5172839506172839 0.06805555555555555 0.09135802469135802
2 0.49375 0.6555555555555556 0.05694444444444444 0.1111111111111111
2 0.07777777777777778 0.9580246913580247 0.11944444444444445 0.08888888888888889
