1 0.050694444444444445 0.4641975308641975 0.09861111111111111 0.2962962962962963
1 0.16805555555555557 0.4962962962962963 0.10833333333333334 0.23209876543209876
1 0.2569444444444444 0.5802469135802469 0.1111111111111111 0.2419753086419753
1 0.18472222222222223 0.8518518518518519 0.175 0.3012345679012346
1 0.3333333333333333 0.8592592592592593 0.1111111111111111 0.28641975308641976
1 0.43194444444444446 0.808641975308642 0.1111111111111111 0.2
1 0.5048611111111111 0.4382716049382716 0.10694444444444444 0.20493827160493827
1 0.45416666666666666 0.24691358024691357 0.09166666666666666 0.13333333333333333
1 0.3194444444444444 0.26049382716049385 0.1 0.17037037037037037
1 0.29305555555555557 0.09259259259259259 0.06944444444444445 0.1506172839506173
1 0.9208333333333333 0.2962962962962963 0.08611111111111111 0.17777777777777778
3 0.7722222222222223 0.6049382716049383 0.06388888888888888 0.12345679012345678
3 0.8340277777777778 0.3802469135802469 0.06805555555555555 0.14814814814814814
