1 0.253515625 0.38101851851851853 0.07838541666666667 0.12037037037037036
1 0.34231770833333336 0.4900462962962963 0.07473958333333333 0.12268518518518519
1 0.25494791666666666 0.6388888888888888 0.06302083333333333 0.09537037037037037
2 0.14908854166666666 0.9472222222222222 0.04505208333333333 0.06388888888888888
2 0.2453125 0.05162037037037037 0.06822916666666666 0.10231481481481482
2 0.523046875 0.5608796296296297 0.048177083333333336 0.09953703703703703
2 0.5841145833333333 0.6680555555555555 0.04739583333333333 0.1259259259259259
2 0.6522135416666667 0.24583333333333332 0.07526041666666666 0.062037037037037036
0 0.045572916666666664 0.37430555555555556 0.052083333333333336 0.1699074074074074
0 0.3287760416666667 0.9011574074074075 0.07213541666666666 0.0837962962962963
0 0.16354166666666667 0.4701388888888889 0.0765625 0.07453703703703704
