2 0.86875 0.6141203703703704 0.0640625 0.10138888888888889
2 0.6923177083333333 0.2439814814814815 0.053385416666666664 0.06666666666666667
2 0.232421875 0.6125 0.02734375 0.06759259259259259
2 0.33697916666666666 0.25578703703703703 0.036458333333333336 0.04490740740740741
1 0.6701822916666667 0.19652777777777777 0.04140625 0.04861111111111111
1 0.5825520833333333 0.8043981481481481 0.03802083333333333 0.0587962962962963
1 0.5477864583333333 0.42777777777777776 0.03463541666666667 0.046296296296296294
1 0.7796875 0.3909722222222222 0.033854166666666664 0.04027777777777778
1 0.772265625 0.5981481481481481 0.031510416666666666 0.08148148148148149
1 0.966796875 0.6504629629629629 0.04921875 0.1037037037037037
1 0.8309895833333333 0.7319444444444444 0.05364583333333333 0.08148148148148149
1 0.583984375 0.8708333333333333 0.025260416666666667 0.053703703703703705
1 0.3611979166666667 0.07824074074074074 0.04010416666666667 0.06759259259259259
1 0.294140625 0.3523148148148148 0.03515625 0.03981481481481482
