1 0.214453125 0.3020833333333333 0.04505208333333333 0.0625
1 0.27786458333333336 0.3071759259259259 0.040625 0.0699074074074074
1 0.33346354166666664 0.30648148148148147 0.039322916666666666 0.0712962962962963
1 0.039453125 0.4546296296296296 0.029427083333333333 0.05
1 0.07005208333333333 0.33958333333333335 0.026041666666666668 0.047685185185185185
1 0.18046875 0.2178240740740741 0.0359375 0.056018518518518516
1 0.23502604166666666 0.18333333333333332 0.03515625 0.04537037037037037
1 0.36015625 0.2564814814814815 0.0296875 0.05092592592592592
1 0.46822916666666664 0.3414351851851852 0.028645833333333332 0.05138888888888889
1 0.6385416666666667 0.11064814814814815 0.0375 0.06759259259259259
1 0.6958333333333333 0.06458333333333334 0.04375 0.055092592592592596
1 0.540625 0.6074074074074074 0.04010416666666667 0.06481481481481481
1 0.5153645833333333 0.7032407407407407 0.044270833333333336 0.0712962962962963
1 0.11640625 0.9013888888888889 0.041666666666666664 0.04722222222222222
1 0.45143229166666665 0.9159722222222222 0.02890625 0.05138888888888889
1 0.6205729166666667 0.7293981481481482 0.025520833333333333 0.04861111111111111
1 0.677734375 0.7212962962962963 0.04348958333333333 0.05277777777777778
