1 0.5411458333333333 0.9696759259259259 0.07604166666666666 0.06157407407407407
1 0.19908854166666667 0.3023148148148148 0.04505208333333333 0.05740740740740741
2 0.506640625 0.25833333333333336 0.03515625 0.05
2 0.2760416666666667 0.7793981481481481 0.0640625 0.0763888888888889
1 0.6096354166666667 0.569212962962963 0.05416666666666667 0.06435185185185185
1 0.34713541666666664 0.7731481481481481 0.07395833333333333 0.1287037037037037
1 0.29192708333333334 0.12893518518518518 0.033854166666666664 0.0587962962962963
2 0.90078125 0.8293981481481482 0.06197916666666667 0.04861111111111111
1 0.7162760416666667 0.17337962962962963 0.030989583333333334 0.047685185185185185
1 0.815625 0.22569444444444445 0.028125 0.04490740740740741
1 0.7958333333333333 0.1412037037037037 0.0265625 0.046296296296296294
