2 0.4317708333333333 0.6800925925925926 0.06822916666666666 0.1
2 0.06354166666666666 0.9388888888888889 0.07135416666666666 0.075
2 0.23138020833333334 0.5930555555555556 0.039322916666666666 0.06851851851851852
1 0.8908854166666667 0.5856481481481481 0.03229166666666667 0.06388888888888888
1 0.559375 0.9564814814814815 0.06041666666666667 0.08796296296296297
1 0.644140625 0.9534722222222223 0.06536458333333334 0.09398148148148149
1 0.70859375 0.8583333333333333 0.050520833333333334 0.08888888888888889
1 0.637109375 0.3784722222222222 0.04296875 0.050462962962962966
1 0.5606770833333333 0.0525462962962963 0.06197916666666667 0.10416666666666667
1 0.3106770833333333 0.43796296296296294 0.05 0.09166666666666666
