1 0.82265625 0.8212962962962963 0.023958333333333335 0.05740740740740741
1 0.822265625 0.7481481481481481 0.02734375 0.05648148148148148
1 0.6606770833333333 0.24097222222222223 0.028125 0.0625
1 0.6265625 0.05115740740740741 0.028645833333333332 0.05138888888888889
1 0.5591145833333333 0.13449074074074074 0.04010416666666667 0.07268518518518519
1 0.39401041666666664 0.1527777777777778 0.025520833333333333 0.046296296296296294
1 0.598046875 0.33796296296296297 0.03671875 0.03888888888888889
1 0.626171875 0.3835648148148148 0.030989583333333334 0.055092592592592596
1 0.5537760416666667 0.5372685185185185 0.029427083333333333 0.06527777777777778
1 0.402734375 0.8891203703703704 0.03463541666666667 0.08009259259259259
1 0.325 0.39490740740740743 0.04375 0.075
1 0.13190104166666666 0.31203703703703706 0.045572916666666664 0.06018518518518518
1 0.21393229166666666 0.4828703703703704 0.04505208333333333 0.08611111111111111
1 0.0109375 0.45601851851851855 0.021354166666666667 0.06481481481481481
1 0.026302083333333334 0.3148148148148148 0.0375 0.06759259259259259
