2 0.6940104166666666 0.9409722222222222 0.078125 0.11898148148148148
2 0.6515625 0.7708333333333334 0.06458333333333334 0.046296296296296294
2 0.594921875 0.7881944444444444 0.04869791666666667 0.07916666666666666
2 0.6076822916666667 0.8870370370370371 0.047135416666666666 0.07592592592592592
1 0.5610677083333333 0.9490740740740741 0.06015625 0.10277777777777777
1 0.5755208333333334 0.9087962962962963 0.04375 0.06018518518518518
1 0.9798177083333334 0.45092592592592595 0.031510416666666666 0.05
1 0.5713541666666667 0.5979166666666667 0.022395833333333334 0.0412037037037037
1 0.6484375 0.6356481481481482 0.03177083333333333 0.06111111111111111
1 0.6908854166666667 0.6268518518518519 0.023958333333333335 0.04351851851851852
1 0.39817708333333335 0.8601851851851852 0.028125 0.05277777777777778
