1 0.642578125 0.6789351851851851 0.10286458333333333 0.20972222222222223
1 0.4119791666666667 0.4983796296296296 0.026041666666666668 0.052314814814814814
1 0.42578125 0.37916666666666665 0.028125 0.06944444444444445
1 0.6822916666666666 0.08541666666666667 0.121875 0.1699074074074074
1 0.5677083333333334 0.09768518518518518 0.10208333333333333 0.19166666666666668
1 0.4825520833333333 0.12037037037037036 0.07708333333333334 0.15925925925925927
1 0.3743489583333333 0.1736111111111111 0.05078125 0.06574074074074074
1 0.19856770833333334 0.7141203703703703 0.02890625 0.04212962962962963
1 0.17682291666666666 0.7405092592592593 0.025520833333333333 0.038425925925925926
1 0.314453125 0.9314814814814815 0.03984375 0.05740740740740741
1 0.12799479166666666 0.9090277777777778 0.03359375 0.04953703703703704
