2 0.9606770833333333 0.6986111111111111 0.0796875 0.11944444444444445
2 0.9510416666666667 0.8953703703703704 0.09895833333333333 0.17777777777777778
2 0.7419270833333333 0.5527777777777778 0.05572916666666667 0.08888888888888889
2 0.6731770833333334 0.5486111111111112 0.07552083333333333 0.10833333333333334
2 0.303125 0.6819444444444445 0.09270833333333334 0.11388888888888889
2 0.4786458333333333 0.5740740740740741 0.06458333333333334 0.10185185185185185
2 0.35234375 0.3597222222222222 0.07135416666666666 0.09351851851851851
1 0.8140625 0.6273148148148148 0.07916666666666666 0.11018518518518519
1 0.6544270833333333 0.6069444444444444 0.0640625 0.11203703703703703
1 0.5307291666666667 0.5564814814814815 0.065625 0.10185185185185185
1 0.3658854166666667 0.28425925925925927 0.06614583333333333 0.0962962962962963
1 0.321875 0.18101851851851852 0.059375 0.0824074074074074
1 0.20755208333333333 0.0912037037037037 0.07447916666666667 0.07314814814814814
1 0.10859375 0.7208333333333333 0.1640625 0.14907407407407408
